-0.677725118	0.156626506	0.028571429	0.5	0.645120406	1	0.073497444	-0.232284052
-0.620853081	0.156626506	0.028571429	0.5	0.596958175	0.992565056	0.073497444	-0.232284052
-0.592417062	0.156626506	0.028571429	0.5	0.523447402	0.992565056	0.073497444	-0.232284052
-0.592417062	0.156626506	0.028571429	0.5	0.34347275	0.977695167	0.042418189	0.84782933
-0.611374408	0.156626506	0.028571429	0.5	0.269961977	0.970260223	0.044121967	1
-0.601895735	0.156626506	0.028571429	0.5	0.247148289	0.962825279	0.038599377	0.694166791
-0.601895735	0.156626506	0.028571429	0.5	0.221799747	0.962825279	0.070736149	-0.234372669
-0.592417062	0.156626506	0.028571429	0.5	0.198986058	0.955390335	0.070266142	-0.540802626
-0.563981043	0.156626506	0.028571429	0.5	0.173637516	0.955390335	0.070031138	-0.540802626
-0.545023697	0.036144578	0.142857143	0.5	0.150823828	0.94795539	0.069796134	-0.540802626
-0.516587678	0.036144578	0.142857143	0.5	0.067173638	0.94795539	-0.002526291	-0.217663733
-0.507109005	0.036144578	0.142857143	0.5	-0.001267427	0.933085502	0.017155279	0.083097121
-0.488151659	0.036144578	0.142857143	0.5	-0.09252218	0.910780669	0.031960519	0.537222139
-0.431279621	0.036144578	0.142857143	0.5	-0.138149556	0.903345725	0.067739851	0.374608384
-0.393364929	0.036144578	0.142857143	0.5	-0.204055767	0.881040892	0.067034839	0.37431001
-0.336492891	0.036144578	0.142857143	0.5	-0.229404309	0.851301115	0.118030668	0.081605251
-0.336492891	0.036144578	0.142857143	0.5	-0.252217997	0.821561338	0.166852711	0.119200358
-0.383886256	0.036144578	0.142857143	0.5	-0.252217997	0.799256506	0.259326714	-0.089064598
-0.355450237	0.036144578	0.142857143	0.5	-0.272496831	0.791821561	0.231948769	-0.305087274
-0.327014218	0.036144578	0.142857143	0.5	-0.290240811	0.784386617	0.181129193	-0.512457109
-0.355450237	0.036144578	0.142857143	0.5	-0.307984791	0.769516729	0.064332295	-0.541399373
-0.317535545	0.036144578	0.142857143	0.5	-0.307984791	0.769516729	0.064214793	-0.694166791
-0.165876777	0.036144578	0.142857143	0.5	-0.384030418	0.769516729	-0.146524881	-0.434879905
-0.336492891	0.036144578	0.142857143	0.5	-0.439797212	0.75464684	-0.166088949	-0.213188125
-0.336492891	0.036144578	0.142857143	0.5	-0.470215463	0.724907063	-0.103754186	0.041623154
-0.061611374	0.036144578	0.142857143	0.5	-0.485424588	0.710037175	-0.008871394	-0.21975235
-0.109004739	0.036144578	0.142857143	0.5	-0.513307985	0.672862454	0.062569767	-0.237654781
-0.213270142	0.036144578	0.142857143	0.5	-0.520912548	0.605947955	0.122143235	-0.070267045
-0.241706161	0.036144578	0.142857143	0.5	-0.52851711	0.583643123	0.121908231	-0.070267045
-0.317535545	0.036144578	0.142857143	0.5	-0.52851711	0.583643123	0.150578697	-0.368044159
-0.36492891	0.036144578	0.142857143	0.5	-0.536121673	0.56133829	0.061042242	-0.695061913
-0.383886256	0.036144578	0.142857143	0.5	-0.561470215	0.568773234	-0.217026027	-0.775026108
-0.355450237	0.036144578	0.142857143	0.5	-0.569074778	0.546468401	-0.106397979	-0.653289572
-0.412322275	0.036144578	0.142857143	0.5	-0.569074778	0.546468401	-0.21726103	-0.775026108
-0.383886256	0.036144578	0.142857143	0.5	-0.602027883	0.524163569	-0.106691734	-0.653289572
-0.45971564	0.036144578	0.142857143	0.5	-0.604562738	0.501858736	-0.106926738	-0.653289572
-0.431279621	0.036144578	0.142857143	0.5	-0.632446134	0.501858736	-0.217789789	-0.550648963
-0.526066351	0.036144578	0.142857143	0.5	-0.632446134	0.501858736	-0.217966042	-0.775324482
-0.545023697	0.036144578	0.142857143	0.5	-0.662864385	0.479553903	-0.323541508	-0.636282262
-0.563981043	0.036144578	0.142857143	0.5	-0.662864385	0.420074349	-0.057164679	-0.5148441
-0.497630332	0.036144578	0.142857143	0.5	-0.683143219	0.353159851	-0.078491275	-0.17111741
-0.450236967	0.036144578	0.142857143	0.5	-0.675538657	0.323420074	-0.012748957	-0.222437714
-0.412322275	0.277108434	-0.142857143	0.5	-0.693282636	0.278810409	-0.108748017	-0.308369387
-0.431279621	0.277108434	-0.142857143	0.5	-0.718631179	0.26394052	-0.219904823	-0.551245711
-0.345971564	0.277108434	-0.142857143	0.5	-0.73130545	0.211895911	-0.285353387	-0.418767716
-0.45971564	0.277108434	-0.142857143	0.5	-0.754119138	0.189591078	-0.37048352	-0.481724601
-0.526066351	0.277108434	-0.142857143	0.5	-0.776932826	0.159851301	-0.370542271	-0.481724601
-0.677725118	0.277108434	-0.142857143	0.5	-0.79721166	0.130111524	-0.470536396	-0.504401014
-0.744075829	0.397590361	-0.257142857	0.5	-0.852978454	0.17472119	-0.654720639	-0.419364464
-0.800947867	0.397590361	-0.257142857	0.5	-0.873257288	0.12267658	-0.654603137	-0.419364464
-0.81042654	0.397590361	-0.257142857	0.5	-0.870722433	0.018587361	-0.569943012	-0.481724601
-0.781990521	0.518072289	-0.428571429	0.5	-0.860583016	-0.07063197	-0.2861759	-0.419662838
-0.753554502	0.518072289	-0.428571429	0.5	-0.842839037	-0.152416357	-0.221373597	-0.328957183
-0.639810427	0.518072289	-0.428571429	0.5	-0.817490494	-0.159851301	-0.154338758	-0.43995226
-0.687203791	0.518072289	-0.428571429	0.5	-0.792141952	-0.219330855	-0.154691264	-0.440250634
-0.668246445	0.518072289	-0.428571429	0.5	-0.766793409	-0.219330855	-0.060454732	-0.519021334
-0.677725118	0.518072289	-0.428571429	0.5	-0.741444867	-0.26394052	-0.155337524	-0.440549008
-0.687203791	0.518072289	-0.428571429	0.5	-0.736375158	-0.301115242	-0.223018624	-0.553334328
-0.725118483	0.518072289	-0.428571429	0.5	-0.736375158	-0.301115242	-0.327889078	-0.636879009
-0.753554502	0.518072289	-0.428571429	0.5	-0.728770596	-0.338289963	-0.471770166	-0.66940176
-0.781990521	0.518072289	-0.428571429	0.5	-0.728770596	-0.338289963	-0.471770166	-0.83470088
-0.725118483	0.518072289	-0.428571429	0.5	-0.721166033	-0.375464684	-0.471770166	-0.66940176
-0.706161137	0.518072289	-0.428571429	0.5	-0.721166033	-0.375464684	-0.471770166	-0.83470088
-0.687203791	0.518072289	-0.428571429	0.5	-0.708491762	-0.412639405	-0.471770166	-0.66940176
-0.630331754	0.518072289	-0.428571429	0.5	-0.708491762	-0.412639405	-0.471770166	-0.83470088
-0.601895735	0.518072289	-0.428571429	0.5	-0.685678074	-0.397769517	-0.223841137	-0.776816351
-0.592417062	0.518072289	-0.428571429	0.5	-0.673003802	-0.427509294	-0.22401739	-0.776816351
-0.601895735	0.518072289	-0.428571429	0.5	-0.673003802	-0.427509294	-0.22401739	-0.776816351
-0.658767773	0.518072289	-0.428571429	0.5	-0.660329531	-0.457249071	-0.47200517	-0.66940176
-0.706161137	0.518072289	-0.428571429	0.5	-0.637515843	-0.442379182	-0.224428647	-0.777114725
-0.744075829	0.518072289	-0.428571429	0.5	-0.637515843	-0.442379182	-0.224428647	-0.777114725
-0.81042654	0.518072289	-0.428571429	0.5	-0.622306717	-0.472118959	-0.224546149	-0.777114725
-0.848341232	0.518072289	-0.428571429	0.5	-0.602027883	-0.457249071	-0.224839904	-0.777114725
-0.867298578	0.518072289	-0.428571429	0.5	-0.602027883	-0.457249071	-0.224839904	-0.777114725
-0.829383886	0.518072289	-0.428571429	0.5	-0.566539924	-0.464684015	-0.113800599	-0.658660301
-0.800947867	0.518072289	-0.428571429	0.5	-0.548795944	-0.486988848	-0.32982786	-0.637177383
-0.819905213	0.518072289	-0.428571429	0.5	-0.533586819	-0.50929368	-0.374184831	-0.482321349
-0.848341232	0.518072289	-0.428571429	0.5	-0.513307985	-0.494423792	-0.330180365	-0.637177383
-0.867298578	0.590361446	-0.542857143	0	-0.495564005	-0.50929368	-0.330297867	-0.637475757
-0.829383886	0.590361446	-0.542857143	0	-0.477820025	-0.531598513	-0.330415369	-0.637475757
-0.857819905	0.590361446	-0.542857143	0	-0.439797212	-0.531598513	-0.375007344	-0.482321349
-0.829383886	0.590361446	-0.542857143	0	-0.422053232	-0.546468401	-0.375066095	-0.482321349
-0.838862559	0.590361446	-0.542857143	0	-0.384030418	-0.546468401	-0.291522237	-0.421751455
-0.791469194	0.590361446	-0.542857143	0	-0.346007605	-0.546468401	-0.291933494	-0.422049828
-0.772511848	0.686746988	-0.714285714	0	-0.305449937	-0.576208178	-0.331649139	-0.275249888
-0.772511848	0.686746988	-0.714285714	0	-0.267427123	-0.576208178	-0.332060396	-0.275249888
-0.725118483	0.686746988	-0.714285714	0	-0.247148289	-0.583643123	-0.399858998	-0.322392958
-0.6492891	0.686746988	-0.714285714	0	-0.24207858	-0.605947955	-0.473943952	-0.504102641
-0.630331754	0.686746988	-0.714285714	0	-0.219264892	-0.6133829	-0.571529287	-0.482619723
-0.620853081	0.686746988	-0.714285714	0	-0.204055767	-0.605947955	-0.474178955	-0.66940176
-0.696682464	0.759036145	-0.828571429	-0.5	-0.196451204	-0.620817844	-0.473943952	-0.66940176
-0.71563981	0.759036145	-0.828571429	-0.5	-0.181242079	-0.6133829	-0.29416603	-0.423243324
-0.744075829	0.759036145	-0.828571429	-0.5	-0.15842839	-0.620817844	-0.29416603	-0.423243324
-0.744075829	-0.686746988	0.771428571	0.8	0.949302915	0.732342007	-0.311673815	-0.266298672
-0.772511848	-0.686746988	0.771428571	0.8	0.888466413	0.739776952	-0.311673815	-0.266298672
-0.800947867	-0.686746988	0.771428571	0.8	0.827629911	0.739776952	-0.311673815	-0.266298672
-0.829383886	-0.686746988	0.885714286	0.8	0.733840304	0.732342007	-0.235943834	0.266597046
-0.838862559	-0.686746988	0.885714286	0.8	0.69581749	0.732342007	-0.205922096	0.140384902
-0.829383886	-0.686746988	0.885714286	0.8	0.634980989	0.739776952	-0.206274602	0.139489781
-0.791469194	-0.686746988	0.885714286	0.8	0.558935361	0.732342007	-0.243816462	0.037744294
-0.791469194	-0.686746988	0.885714286	0.8	0.482889734	0.732342007	-0.237588861	0.263613307
-0.791469194	-0.686746988	0.885714286	0.8	0.442332066	0.732342007	-0.207625874	0.13710279
-0.763033175	-0.686746988	0.885714286	0.8	0.366286439	0.724907063	-0.208154633	0.136207668
-0.763033175	-0.686746988	0.885714286	0.8	0.313054499	0.717472119	-0.171259033	0.021035357
-0.71563981	-0.686746988	0.885714286	0.8	0.25982256	0.710037175	-0.141942307	0.143070267
-0.696682464	-0.686746988	0.885714286	0.8	0.219264892	0.687732342	-0.034075554	0.13561092
-0.696682464	-0.686746988	0.885714286	0.8	0.181242079	0.687732342	-0.04982081	-0.012680889
-0.677725118	-0.686746988	0.885714286	0.8	0.155893536	0.665427509	0.00552259	-0.055646725
-0.639810427	-0.686746988	0.885714286	0.8	0.105196451	0.657992565	-0.071617414	-0.15798896
-0.563981043	-0.686746988	0.885714286	0.8	0.095057034	0.650557621	-0.00675636	-0.208414143
-0.582938389	-0.686746988	0.885714286	0.8	0.069708492	0.650557621	-0.144468598	-0.430105923
-0.526066351	-0.686746988	0.885714286	0.8	0.031685678	0.650557621	-0.212090946	-0.547366851
-0.55450237	-0.686746988	0.885714286	0.8	-0.029150824	0.650557621	-0.318253922	-0.270177532
-0.582938389	-0.686746988	0.885714286	0.8	-0.054499366	0.650557621	-0.318312673	-0.270177532
-0.6492891	-0.686746988	0.885714286	0.8	-0.105196451	0.665427509	-0.403325304	-0.159182456
-0.725118483	-0.686746988	0.885714286	0.8	-0.166032953	0.665427509	-0.403560308	-0.159182456
-0.772511848	-0.686746988	0.885714286	0.8	-0.252217997	0.672862454	-0.378238646	0.19737431
-0.800947867	-0.686746988	0.885714286	0.8	-0.328263625	0.665427509	-0.30156865	0.31015963
-0.838862559	-0.686746988	0.885714286	0.8	-0.376425856	0.643122677	-0.244580224	0.25376697
-0.725118483	-0.686746988	0.885714286	0.8	-0.437262357	0.643122677	-0.214852241	0.126361331
-0.601895735	-0.686746988	0.885714286	0.8	-0.510773131	0.620817844	-0.215498502	0.125466209
-0.488151659	-0.686746988	0.885714286	0.8	-0.571609632	0.620817844	-0.28124082	0.164553185
0.156398104	-0.686746988	0.885714286	0.8	-0.634980989	0.620817844	-0.281710828	0.163956437
-0.203791469	-0.56626506	0.771428571	0.8	-0.69581749	0.6133829	-0.322307738	0.091749963
-0.279620853	-0.56626506	0.771428571	0.8	-0.792141952	0.583643123	-0.305152459	0.306579144
0.004739336	-0.56626506	0.771428571	0.8	-0.850443599	0.31598513	-0.196228189	0.676264359
0.17535545	-0.445783133	0.6	0.8	-0.81495564	0.286245353	-0.108101757	0.380874235
-0.469194313	-0.445783133	0.6	0.8	-0.764258555	0.31598513	0.120204453	-0.075936148
-0.611374408	-0.445783133	0.6	0.8	-0.764258555	0.31598513	0.488102932	-0.481724601
-0.706161137	-0.325301205	0.428571429	0.8	-0.764258555	0.31598513	0.587744551	-0.66940176
-0.620853081	-0.325301205	0.428571429	0.8	-0.789607098	0.301115242	-0.469772634	-0.83470088
-0.601895735	-0.325301205	0.428571429	0.8	-0.804816223	0.241635688	-0.325245285	-0.636580636
-0.6492891	-0.084337349	0.142857143	0.8	-0.827629911	0.211895911	-0.370131015	-0.481724601
-0.6492891	-0.084337349	0.142857143	0.8	-0.792141952	0.197026022	-0.109453029	-0.655079815
-0.563981043	-0.084337349	0.142857143	0.8	-0.855513308	0.078066914	-0.370542271	-0.481724601
-0.639810427	0.156626506	0.028571429	0.8	-0.847908745	-0.011152416	-0.286058398	-0.419662838
-0.696682464	0.156626506	0.028571429	0.8	-0.835234474	-0.092936803	-0.352505728	-0.120393853
-0.781990521	0.156626506	0.028571429	0.8	-0.817490494	-0.159851301	-0.221667352	-0.328957183
-0.838862559	0.397590361	-0.257142857	0.8	-0.792141952	-0.271375465	-0.269020622	-0.199462927
-0.895734597	0.397590361	-0.257142857	0.8	-0.787072243	-0.31598513	-0.327184067	-0.273758019
-0.962085308	0.397590361	-0.257142857	0.8	-0.766793409	-0.412639405	-0.410551671	-0.160077577
-0.971563981	0.518072289	-0.428571429	0.5	-0.754119138	-0.449814126	-0.471241408	-0.339101895
-1	0.518072289	-0.428571429	0.5	-0.779467681	-0.531598513	-0.614358733	-0.274056393
-0.990521327	0.518072289	-0.428571429	0.5	-0.789607098	-0.635687732	-0.766817461	-0.222437714
-0.981042654	0.638554217	-0.542857143	0.5	-0.716096324	-0.70260223	-0.681628576	0.020140236
-0.952606635	0.638554217	-0.542857143	0.5	-0.673003802	-0.75464684	-0.613183714	0.088169476
-0.981042654	0.638554217	-0.542857143	0.5	-0.64765526	-0.762081784	-0.520357206	0.002834552
-0.962085308	0.759036145	-0.714285714	0	-0.591888466	-0.784386617	-0.530051113	-0.160375951
-0.962085308	0.759036145	-0.714285714	0	-0.543726236	-0.814126394	-0.650666823	-0.422348202
-0.952606635	0.759036145	-0.714285714	0	-0.518377693	-0.836431227	-0.650666823	-0.422348202
-0.71563981	-0.686746988	0.771428571	0.5	-0.024081115	0.799256506	-0.211150931	-0.774130986
-0.772511848	-0.686746988	0.771428571	0.5	-0.062103929	0.799256506	-0.211150931	-0.774130986
-0.781990521	-0.686746988	0.771428571	0.5	-0.062103929	0.799256506	-0.211150931	-0.774130986
-0.772511848	-0.686746988	0.771428571	0.5	-0.100126743	0.799256506	-0.211268433	-0.548560346
-0.734597156	-0.686746988	0.771428571	0.5	-0.120405577	0.80669145	-0.317020152	-0.63538714
-0.71563981	-0.686746988	0.771428571	0.5	-0.15842839	0.80669145	-0.276952	-0.416380725
-0.687203791	-0.686746988	0.771428571	0.5	-0.196451204	0.80669145	-0.277245755	-0.416679099
-0.668246445	-0.686746988	0.771428571	0.5	-0.234474018	0.814126394	-0.212208448	-0.323884828
-0.6492891	-0.686746988	0.771428571	0.5	-0.252217997	0.821561338	-0.277657012	-0.416977473
-0.639810427	-0.686746988	0.771428571	0.5	-0.290240811	0.828996283	-0.277950767	-0.417275847
-0.677725118	-0.686746988	0.771428571	0.5	-0.328263625	0.828996283	-0.278303272	-0.417275847
-0.563981043	-0.686746988	0.771428571	0.5	-0.348542459	0.814126394	-0.145937371	-0.434879905
-0.639810427	-0.686746988	0.771428571	0.5	-0.386565272	0.821561338	-0.146231126	-0.435476652
-0.658767773	-0.686746988	0.771428571	0.5	-0.386565272	0.821561338	-0.102931673	-0.652991198
-0.630331754	-0.686746988	0.771428571	0.5	-0.406844106	0.80669145	-0.103166676	-0.652991198
-0.611374408	-0.686746988	0.771428571	0.5	-0.424588086	0.799256506	0.063862288	-0.695360286
-0.535545024	-0.686746988	0.771428571	0.5	-0.424588086	0.799256506	0.063862288	-0.695360286
-0.516587678	-0.686746988	0.771428571	0.5	-0.44486692	0.814126394	-0.214440985	-0.775026108
-0.469194313	-0.686746988	0.771428571	0.5	-0.4626109	0.799256506	-0.214675988	-0.775324482
-0.469194313	-0.686746988	0.771428571	0.5	-0.500633714	0.799256506	-0.21479349	-0.550350589
-0.450236967	-0.686746988	0.771428571	0.5	-0.518377693	0.784386617	-0.053639622	-0.514545726
-0.450236967	-0.686746988	0.771428571	0.5	-0.536121673	0.769516729	-0.053874625	-0.514545726
-0.497630332	-0.686746988	0.771428571	0.5	-0.536121673	0.769516729	0.062981023	-0.69565866
-0.526066351	-0.686746988	0.771428571	0.5	-0.574144487	0.769516729	-0.104870454	-0.65388632
-0.440758294	-0.686746988	0.771428571	0.5	-0.574144487	0.769516729	-0.215792257	-0.775324482
-0.535545024	-0.686746988	0.771428571	0.5	-0.6121673	0.769516729	-0.215968509	-0.550947337
-0.582938389	-0.686746988	0.771428571	0.5	-0.650190114	0.769516729	-0.216321015	-0.550947337
-0.535545024	-0.445783133	0.6	0.5	-0.667934094	0.747211896	-0.149109923	-0.436968522
-0.535545024	-0.445783133	0.6	0.5	-0.688212928	0.762081784	-0.216673521	-0.551245711
-0.488151659	-0.445783133	0.6	0.5	-0.705956907	0.739776952	-0.106104224	-0.654483067
-0.488151659	-0.445783133	0.6	0.5	-0.705956907	0.739776952	-0.217084778	-0.775622855
-0.478672986	-0.445783133	0.6	0.5	-0.743979721	0.739776952	-0.10645673	-0.654781441
-0.450236967	-0.445783133	0.6	0.5	-0.759188847	0.70260223	-0.106691734	-0.654781441
-0.374407583	-0.445783133	0.6	0.5	-0.759188847	0.70260223	-0.106691734	-0.654781441
-0.298578199	-0.445783133	0.6	0.5	-0.759188847	0.70260223	0.061277246	-0.848426078
-0.241706161	-0.445783133	0.6	0.5	-0.759188847	0.70260223	-1	-1
-0.308056872	-0.445783133	0.6	0.5	-0.759188847	0.70260223	-1	-1
-0.497630332	-0.445783133	0.6	0.5	-0.759188847	0.70260223	-1	-1
-0.488151659	-0.445783133	0.6	0.5	-0.782002535	0.732342007	-0.467598848	-0.83470088
-0.497630332	-0.445783133	0.6	0.5	-0.782002535	0.732342007	-0.467598848	-0.83470088
-0.478672986	-0.445783133	0.6	0.5	-0.820025349	0.724907063	-0.323189002	-0.636580636
-0.450236967	-0.445783133	0.6	0.5	-0.858048162	0.710037175	-0.218377299	-0.551842459
-0.355450237	-0.445783133	0.6	0.5	-0.896070976	0.695167286	-0.218553551	-0.328062062
-0.232227488	-0.445783133	0.6	0.5	-0.913814956	0.531598513	-0.107984255	-0.311054752
-0.232227488	-0.445783133	0.6	0.5	-0.91634981	0.434944238	-0.029669232	-0.373713263
-0.260663507	-0.325301205	0.428571429	0.5	-0.911280101	0.338289963	0.059984725	-0.396091302
-0.393364929	-0.325301205	0.428571429	0.5	-0.878326996	0.293680297	0.177310381	-0.517827838
-0.45971564	-0.325301205	0.428571429	0.5	-0.878326996	0.293680297	0.228012455	-0.655676563
-0.563981043	0.156626506	0.028571429	0.5	-0.830164766	0.390334572	0.588214558	-0.504401014
-0.658767773	0.156626506	0.028571429	0.5	-0.830164766	0.390334572	0.732565654	-0.636580636
-0.725118483	0.156626506	0.028571429	0.5	-0.860583016	0.442379182	0.948592915	-0.655378189
-0.763033175	0.277108434	-0.142857143	0.5	-0.888466413	0.434944238	-0.613594971	-0.636580636
-0.706161137	0.277108434	-0.142857143	0.5	-0.969581749	0.605947955	-0.587039539	-0.120393853
-0.582938389	0.277108434	-0.142857143	0.5	-0.987325729	-0.539033457	-0.425533165	0.166641802
-0.744075829	0.277108434	-0.142857143	0.5	-0.964512041	-0.680297398	-0.425533165	0.166641802
-0.734597156	0.277108434	-0.142857143	0.5	-0.901140684	-0.687732342	-0.325421538	0.089362972
-0.744075829	0.277108434	-0.142857143	0.5	-0.865652725	-0.665427509	-0.325950297	-0.274056393
-0.71563981	0.397590361	-0.257142857	0.5	-0.817490494	-0.531598513	-0.137653487	-0.100701179
-0.725118483	0.397590361	-0.257142857	0.5	-0.817490494	-0.531598513	-0.031725516	-0.377890497
-0.763033175	0.397590361	-0.257142857	0.5	-0.79721166	-0.494423792	0.058515951	-0.40056691
-0.800947867	0.397590361	-0.257142857	0.5	-0.835234474	-0.345724907	0.48798543	-0.482022975
-0.781990521	0.397590361	-0.257142857	0.5	-0.868187579	-0.293680297	0.587039539	-0.339101895
-0.753554502	0.397590361	-0.257142857	0.5	-0.870722433	-0.457249071	0.83508607	-0.553632702
-0.800947867	0.518072289	-0.428571429	0.5	-0.79721166	-0.568773234	-0.545737618	-0.322094585
-0.781990521	0.518072289	-0.428571429	0.5	-0.741444867	-0.539033457	-0.371834792	0.03595405
-0.744075829	0.518072289	-0.428571429	0.5	-0.741444867	-0.539033457	-0.26954938	-0.200656422
-0.706161137	0.518072289	-0.428571429	0.5	-0.741444867	-0.539033457	-0.111803067	-0.658063554
-0.668246445	0.518072289	-0.428571429	0.5	-0.741444867	-0.539033457	-1	-1
-0.696682464	0.518072289	-0.428571429	0.5	-0.721166033	-0.516728625	0.057634687	-0.850514695
-0.706161137	0.518072289	-0.428571429	0.5	-0.721166033	-0.516728625	0.057634687	-0.850514695
-0.725118483	0.518072289	-0.428571429	0.5	-0.721166033	-0.516728625	0.057634687	-0.850514695
-0.763033175	0.518072289	-0.428571429	0.5	-0.721166033	-0.568773234	-0.718700429	-0.777114725
-0.772511848	0.518072289	-0.428571429	0.5	-0.700887199	-0.591078067	-0.614064979	-0.637177383
-0.753554502	0.518072289	-0.428571429	0.5	-0.678073511	-0.6133829	-0.569649257	-0.482321349
-0.800947867	0.518072289	-0.428571429	0.5	-0.655259823	-0.635687732	-0.471006404	-0.504102641
-0.857819905	0.518072289	-0.428571429	0.5	-0.667934094	-0.657992565	-0.613594971	-0.637475757
-0.848341232	0.518072289	-0.428571429	0.5	-0.655259823	-0.70260223	-0.717819165	-0.554826197
-0.838862559	0.518072289	-0.428571429	0.5	-0.640050697	-0.739776952	-0.784971506	-0.444129494
-0.848341232	0.518072289	-0.428571429	0.5	-0.619771863	-0.776951673	-0.717172904	-0.33253767
-0.857819905	0.518072289	-0.428571429	0.5	-0.602027883	-0.828996283	-0.764878679	-0.225421453
-0.857819905	0.518072289	-0.428571429	0.5	-0.604562738	-0.858736059	-0.82768345	-0.31940922
-0.829383886	0.518072289	-0.428571429	0	-0.576679341	-0.903345725	-0.857117678	-0.186931225
-0.838862559	0.518072289	-0.428571429	0	-0.548795944	-0.925650558	-0.826625933	-0.320304341
-0.848341232	0.518072289	-0.428571429	0	-0.515842839	-0.94795539	-0.7630574	-0.226614949
-0.838862559	0.518072289	-0.428571429	0	-0.508238276	-0.985130112	-0.825685917	-0.320602715
-0.838862559	0.518072289	-0.428571429	0	-0.48035488	-0.977695167	-0.995887433	-0.555721319
-0.829383886	0.518072289	-0.428571429	0	-0.472750317	-1	-0.995887433	-0.555721319
-0.630331754	0.397590361	-0.257142857	0	0.404309252	0.769516729	0.067152341	-0.689691183
-0.620853081	0.397590361	-0.257142857	0	0.386565272	0.762081784	0.067152341	-0.689691183
-0.630331754	0.397590361	-0.257142857	0	0.371356147	0.75464684	0.067152341	-0.689691183
-0.658767773	0.397590361	-0.257142857	0	0.338403042	0.747211896	0.066917337	-0.379382366
-0.687203791	0.397590361	-0.257142857	0	0.320659062	0.739776952	0.066682334	-0.379382366
-0.71563981	0.397590361	-0.257142857	0	0.300380228	0.739776952	-0.048469538	-0.506191258
-0.71563981	0.277108434	-0.142857143	0	0.244613435	0.732342007	-0.142059808	-0.429210801
-0.71563981	0.277108434	-0.142857143	0	0.183776933	0.739776952	-0.256741672	-0.191108459
-0.71563981	0.277108434	-0.142857143	0	0.145754119	0.739776952	-0.209682157	-0.093540206
-0.696682464	0.277108434	-0.142857143	0	0.069708492	0.732342007	-0.247106515	0.032970312
-0.658767773	0.277108434	-0.142857143	0	0.039290241	0.717472119	-0.127019564	-0.081903625
-0.639810427	0.277108434	-0.142857143	0	0.001267427	0.717472119	-0.127313319	-0.082500373
-0.592417062	0.156626506	0.028571429	0.2	-0.029150824	0.695167286	-0.006462605	-0.211397882
-0.55450237	0.156626506	0.028571429	0.2	-0.067173638	0.695167286	-0.101404148	-0.300313293
-0.526066351	0.156626506	0.028571429	0.2	-0.102661597	0.695167286	-0.101697903	-0.30091004
-0.516587678	0.156626506	0.028571429	0.2	-0.153358682	0.680297398	-0.164561424	-0.209309265
-0.526066351	0.156626506	0.028571429	0.2	-0.204055767	0.657992565	-0.129369602	-0.084887364
-0.535545024	0.156626506	0.028571429	0.2	-0.252217997	0.643122677	-0.102990424	0.046993883
-0.526066351	-0.13253012	0.314285714	0.2	-0.272496831	0.6133829	-0.053228365	-0.021035357
-0.526066351	-0.13253012	0.314285714	0.2	-0.282636248	0.598513011	-0.009047647	-0.214679994
-0.535545024	-0.13253012	0.314285714	0.2	-0.297845374	0.576208178	0.061923506	-0.232582426
-0.526066351	-0.13253012	0.314285714	0.2	-0.333333333	0.56133829	-0.026966688	-0.364463673
-0.563981043	-0.13253012	0.314285714	0.2	-0.338403042	0.546468401	-0.027201692	-0.364463673
-0.478672986	-0.13253012	0.314285714	0.2	-0.371356147	0.531598513	-0.148698666	-0.433686409
-0.545023697	-0.13253012	0.314285714	0.2	-0.42712294	0.539033457	-0.281534575	-0.417275847
-0.601895735	-0.13253012	0.314285714	0.2	-0.4626109	0.50929368	-0.263733036	-0.195285693
-0.611374408	-0.13253012	0.314285714	0.2	-0.495564005	0.472118959	-0.217084778	-0.099209309
-0.611374408	-0.13253012	0.314285714	0.2	-0.551330798	0.427509294	-0.150284942	0.129941817
-0.535545024	-0.13253012	0.314285714	0.2	-0.548795944	0.405204461	-0.13412843	-0.08995972
-0.488151659	-0.13253012	0.314285714	0.2	-0.533586819	0.338289963	-0.057458434	-0.026704461
-0.327014218	0.036144578	0.142857143	0.2	-0.579214195	0.301115242	-0.078961283	-0.169625541
-0.563981043	0.036144578	0.142857143	0.2	-0.594423321	0.26394052	-0.135655954	-0.091451589
-0.488151659	0.036144578	0.142857143	0.2	-0.632446134	0.211895911	-0.300687386	-0.056243473
-0.478672986	0.277108434	-0.142857143	0.2	-0.662864385	0.152416357	-0.301157394	-0.056541847
-0.488151659	0.277108434	-0.142857143	0.2	-0.66539924	0.107806691	-0.3015099	-0.056541847
-0.516587678	0.277108434	-0.142857143	0.2	-0.551330798	0.078066914	-0.003348804	-0.074145905
-0.516587678	0.397590361	-0.257142857	0.2	-0.531051965	0.063197026	0.117208155	-0.074742653
-0.611374408	0.397590361	-0.257142857	0.2	-0.525982256	0.033457249	0.117031902	-0.0753394
-0.601895735	0.397590361	-0.257142857	0.2	-0.523447402	-0.048327138	-0.223077375	-0.103088169
-0.611374408	0.397590361	-0.257142857	0.2	-0.541191381	-0.092936803	-0.328417837	0.090556467
-0.592417062	0.397590361	-0.257142857	0.2	-0.498098859	-0.130111524	-0.288937195	0.161569447
-0.706161137	0.397590361	-0.257142857	0.2	-0.48035488	-0.152416357	-0.271488162	-0.198567805
-0.744075829	0.397590361	-0.257142857	0.2	-0.457541191	-0.17472119	-0.176664121	-0.218857228
-0.800947867	0.397590361	-0.257142857	0.2	-0.434727503	-0.219330855	-0.272369426	-0.199164553
-0.800947867	0.397590361	-0.257142857	0.2	-0.432192649	-0.26394052	-0.356853299	-0.120393853
-0.819905213	0.397590361	-0.257142857	0.2	-0.399239544	-0.301115242	-0.375653604	0.036252424
-0.848341232	0.397590361	-0.257142857	0.2	-0.363751584	-0.330855019	-0.376064861	0.036252424
-0.886255924	0.397590361	-0.257142857	0.2	-0.323193916	-0.360594796	-0.331884143	0.089064598
-0.924170616	0.518072289	-0.428571429	0.2	-0.280101394	-0.382899628	-0.332412902	0.088766224
-0.924170616	0.518072289	-0.428571429	0.2	-0.198986058	-0.382899628	-0.228541214	0.114426376
-0.943127962	0.518072289	-0.428571429	0.2	-0.143219265	-0.390334572	-0.161741378	0.113531255
-0.943127962	0.638554217	-0.542857143	0.2	-0.084917617	-0.390334572	-0.097409083	0.155601969
-0.962085308	0.638554217	-0.542857143	0.2	-0.039290241	-0.412639405	-0.193114388	-0.004028047
-0.933649289	0.638554217	-0.542857143	0.2	0.00887199	-0.427509294	-0.267845602	0.01894674
-0.943127962	0.831325301	-0.828571429	0.2	0.029150824	-0.420074349	-0.278538276	-0.201849918
-0.971563981	0.831325301	-0.828571429	0.2	0.064638783	-0.427509294	-0.298102344	-0.421751455
-0.952606635	0.831325301	-0.828571429	0.2	0.100126743	-0.434944238	-0.298102344	-0.421751455
-0.725118483	0.759036145	-0.714285714	-0.8	0.079847909	0.605947955	-0.388872569	-0.320901089
-0.71563981	0.759036145	-0.714285714	-0.8	0.02661597	0.6133829	-0.388872569	-0.320901089
-0.696682464	0.759036145	-0.714285714	-0.8	-0.034220532	0.6133829	-0.388872569	-0.320901089
-0.696682464	0.638554217	-0.542857143	-0.8	-0.087452471	0.620817844	-0.41413548	0.003729673
-0.71563981	0.638554217	-0.542857143	-0.8	-0.17617237	0.620817844	-0.378532401	0.19737431
-0.71563981	0.638554217	-0.542857143	-0.8	-0.272496831	0.6133829	-0.353386993	0.40056691
-0.696682464	0.638554217	-0.542857143	-0.8	-0.386565272	0.628252788	-0.346748135	0.763389527
-0.696682464	0.638554217	-0.542857143	-0.8	-0.411913815	0.635687732	-0.353857	0.399970163
-0.677725118	0.638554217	-0.542857143	-0.8	-0.422053232	0.620817844	-0.347394395	-0.11860361
-0.677725118	0.638554217	-0.542857143	-0.8	-0.422053232	0.620817844	-0.215616004	-0.774727734
-0.696682464	0.638554217	-0.542857143	-0.8	-0.422053232	0.620817844	0.061806004	-0.847232582
-0.658767773	0.638554217	-0.542857143	-0.8	-0.432192649	0.598513011	0.061571001	-0.847232582
-0.630331754	0.518072289	-0.428571429	-0.8	-0.467680608	0.591078067	-0.105399213	-0.65239445
-0.592417062	0.518072289	-0.428571429	-0.8	-0.52851711	0.583643123	-0.216321015	-0.325078323
-0.55450237	0.518072289	-0.428571429	-0.8	-0.589353612	0.576208178	-0.297338582	-0.055348351
-0.526066351	0.397590361	-0.257142857	-0.8	-0.622306717	0.56133829	-0.297691087	-0.055646725
-0.535545024	0.397590361	-0.257142857	-0.8	-0.655259823	0.539033457	-0.264496798	-0.196479188
-0.516587678	0.397590361	-0.257142857	-0.8	-0.683143219	0.546468401	-0.282885847	-0.418469342
-0.582938389	0.518072289	-0.428571429	-1	-0.743979721	0.524163569	-0.323365255	-0.272564523
-0.601895735	0.518072289	-0.428571429	-1	-0.802281369	0.494423792	-0.350096939	-0.119797106
-0.6492891	0.518072289	-0.428571429	-1	-0.825095057	0.330855019	-0.219023559	0.121288975
-0.677725118	0.759036145	-0.714285714	-1	-0.840304183	0.256505576	-0.182010458	0.005221543
-0.687203791	0.759036145	-0.714285714	-1	-0.852978454	0.17472119	-0.135949709	-0.095628823
-0.706161137	0.759036145	-0.714285714	-1	-0.873257288	0.12267658	-0.285470889	-0.419364464
-0.725118483	0.879518072	-0.828571429	-1	-0.870722433	0.018587361	-0.285823395	-0.419662838
-0.725118483	0.879518072	-0.828571429	-1	-0.870722433	0.018587361	-0.325891546	-0.636580636
-0.71563981	0.879518072	-0.828571429	-1	-0.883396705	-0.048327138	-0.326009048	-0.636580636
-0.734597156	0.879518072	-0.828571429	-1	-0.893536122	-0.130111524	-0.470242641	-0.66940176
-0.744075829	0.879518072	-0.828571429	-1	-0.896070976	-0.219330855	-0.470242641	-0.504401014
-0.772511848	0.879518072	-0.828571429	-1	-0.896070976	-0.219330855	-0.470242641	-0.66940176
-0.819905213	0.879518072	-0.828571429	-1	-0.845373891	-0.219330855	-0.110686799	-0.656571684
-0.838862559	0.879518072	-0.828571429	-1	-0.812420786	-0.330855019	-0.154750015	-0.440847382
-0.857819905	0.879518072	-0.828571429	-1	-0.766793409	-0.412639405	-0.222372364	-0.106668656
-0.838862559	0.879518072	-0.828571429	-1	-0.718631179	-0.464684015	-0.327595323	0.089064598
-0.81042654	0.879518072	-0.828571429	-1	-0.66539924	-0.501858736	-0.328065331	0.088766224
-0.800947867	0.879518072	-0.828571429	-1	-0.609632446	-0.531598513	-0.328535339	0.08846785
-0.781990521	0.879518072	-0.828571429	-1	-0.551330798	-0.553903346	-0.329005346	0.088169476
-0.763033175	0.879518072	-0.828571429	-1	-0.515842839	-0.524163569	-0.225074907	-0.109354021
-0.753554502	0.879518072	-0.828571429	-1	-0.457541191	-0.546468401	-0.225603666	-0.109950768
-0.744075829	0.879518072	-0.828571429	-1	-0.401774398	-0.56133829	-0.226191176	-0.110547516
-0.753554502	0.879518072	-0.828571429	-1	-0.325728771	-0.56133829	-0.293049762	-0.422348202
-0.744075829	0.879518072	-0.828571429	-1	-0.287705957	-0.56133829	-0.293049762	-0.422348202
-0.601895735	-0.686746988	0.771428571	1	0.589353612	0.717472119	0.066564832	-0.68790094
-0.630331754	-0.686746988	0.771428571	1	0.574144487	0.717472119	0.066564832	-0.68790094
-0.668246445	-0.686746988	0.771428571	1	0.558935361	0.710037175	0.066564832	-0.68790094
-0.668246445	-0.686746988	0.771428571	1	0.543726236	0.70260223	0.06644733	-0.531553036
-0.658767773	-0.686746988	0.771428571	1	0.520912548	0.70260223	-0.09782034	-0.646725347
-0.658767773	-0.686746988	0.771428571	1	0.520912548	0.70260223	-0.208095882	-0.772639117
-0.677725118	-0.686746988	0.771428571	1	0.460076046	0.710037175	-0.360260854	-0.479635984
-0.6492891	-0.686746988	0.771428571	1	0.44486692	0.70260223	-0.208507138	-0.545278234
-0.639810427	-0.686746988	0.771428571	1	0.422053232	0.710037175	-0.274073204	-0.41369536
-0.639810427	-0.686746988	0.771428571	1	0.373891001	0.717472119	-0.360554609	-0.479635984
-0.601895735	-0.686746988	0.771428571	1	0.313054499	0.717472119	-0.400446507	-0.15798896
-0.601895735	-0.686746988	0.771428571	1	0.290240811	0.724907063	-0.400446507	-0.15798896
-0.582938389	-0.686746988	0.771428571	1	0.252217997	0.724907063	-0.315375125	-0.268984037
-0.563981043	-0.686746988	0.771428571	1	0.229404309	0.724907063	-0.361083368	-0.479934358
-0.535545024	-0.686746988	0.771428571	1	0.183776933	0.739776952	-0.385582516	-0.320005967
-0.516587678	-0.686746988	0.771428571	1	0.140684411	0.75464684	-0.463016274	-0.172609279
-0.469194313	-0.686746988	0.771428571	1	0.097591888	0.762081784	-0.462957523	-0.007011786
-0.431279621	-0.686746988	0.771428571	1	-0.001267427	0.769516729	-0.375477352	0.198866179
-0.383886256	-0.686746988	0.771428571	1	-0.057034221	0.762081784	-0.276246989	0.168432045
-0.355450237	-0.686746988	0.771428571	1	-0.095057034	0.762081784	-0.21109218	0.129941817
-0.374407583	-0.686746988	0.771428571	1	-0.133079848	0.762081784	-0.163445156	-0.209906012
-0.355450237	-0.686746988	0.771428571	1	-0.191381496	0.769516729	-0.259209212	-0.193793824
-0.355450237	-0.686746988	0.771428571	1	-0.252217997	0.784386617	-0.293226015	-0.053558108
-0.421800948	-0.686746988	0.771428571	1	-0.290240811	0.784386617	-0.29351977	-0.053856482
-0.421800948	-0.686746988	0.771428571	1	-0.348542459	0.791821561	-0.293931026	-0.054154856
-0.402843602	-0.686746988	0.771428571	1	-0.386565272	0.791821561	-0.260677986	-0.195285693
-0.336492891	-0.686746988	0.771428571	1	-0.44486692	0.814126394	-0.294636038	-0.055049978
-0.327014218	-0.686746988	0.771428571	1	-0.482889734	0.814126394	-0.261441748	-0.195882441
-0.241706161	-0.686746988	0.771428571	1	-0.538656527	0.799256506	-0.21479349	-0.100999552
-0.241706161	-0.686746988	0.771428571	1	-0.6121673	0.843866171	-0.252100347	0.026107713
0.042654028	-0.686746988	0.771428571	1	-0.728770596	0.821561338	-0.19017684	0.453379084
0.184834123	-0.686746988	0.771428571	1	-0.746514575	0.791821561	-0.185888021	0.229300313
1	-0.686746988	0.771428571	1	-0.802281369	0.762081784	-0.085306386	0.170222289
0.895734597	-0.686746988	0.771428571	1	-0.870722433	0.657992565	-0.056400917	-0.034163807
0.819905213	-0.686746988	0.771428571	1	-0.888466413	0.434944238	-0.029081723	0.254065344
0.507109005	-0.686746988	0.771428571	1	-0.769328264	0.360594796	0.190940603	0.308667761
-0.014218009	-0.325301205	0.428571429	1	-0.718631179	0.449814126	0.444157218	0.090556467
-0.099526066	-0.325301205	0.428571429	1	-0.718631179	0.449814126	0.588449562	-0.008503655
-0.146919431	-0.325301205	0.428571429	1	-0.746514575	0.486988848	0.999764996	-0.516037595
-0.184834123	-0.325301205	0.428571429	1	-0.774397972	0.486988848	-0.613829975	-0.636282262
-0.213270142	-0.325301205	0.428571429	1	-0.827629911	0.553903346	-0.613594971	-0.272862897
-0.232227488	-0.325301205	0.428571429	1	-0.88086185	0.591078067	-0.529698608	-0.160077577
-0.260663507	-0.204819277	0.314285714	1	-1	0.382899628	-0.430585747	0.330747427
-0.298578199	-0.204819277	0.314285714	1	-0.891001267	-0.501858736	-0.300687386	0.883932568
-0.345971564	-0.204819277	0.314285714	1	-0.847908745	-0.427509294	-0.220727337	0.788751305
-0.431279621	0.156626506	0.028571429	1	-0.789607098	-0.427509294	-0.143939839	0.458749814
-0.488151659	0.156626506	0.028571429	1	-0.743979721	-0.390334572	-0.003113801	-0.08458899
-0.55450237	0.156626506	0.028571429	1	-0.73130545	-0.427509294	-0.111744316	-0.314933612
-0.601895735	0.277108434	-0.142857143	1	-0.685678074	-0.397769517	-0.03325304	-0.377890497
-0.658767773	0.277108434	-0.142857143	1	-0.673003802	-0.427509294	-0.223841137	-0.553931076
-0.696682464	0.277108434	-0.142857143	1	-0.673003802	-0.427509294	-0.112684331	-0.65776518
-0.706161137	0.518072289	-0.428571429	1	-0.645120406	-0.486988848	-0.47200517	-0.504102641
-0.696682464	0.518072289	-0.428571429	1	-0.627376426	-0.50929368	-0.47200517	-0.504102641
-0.696682464	0.518072289	-0.428571429	1	-0.589353612	-0.553903346	-0.47200517	-0.173802775
-0.687203791	0.638554217	-0.542857143	1	-0.548795944	-0.591078067	-0.47200517	-0.173504401
-0.658767773	0.638554217	-0.542857143	1	-0.525982256	-0.605947955	-0.47200517	-0.173504401
-0.668246445	0.638554217	-0.542857143	1	-0.482889734	-0.628252788	-0.47200517	-0.173504401
-0.706161137	0.759036145	-0.714285714	0	-0.457541191	-0.643122677	-0.47200517	-0.338803521
-0.706161137	0.759036145	-0.714285714	0	-0.396704689	-0.650557621	-0.412372951	-0.160375951
-0.6492891	0.759036145	-0.714285714	0	-0.348542459	-0.665427509	-0.412490453	-0.160375951
-0.687203791	0.831325301	-0.828571429	0	-0.287705957	-0.672862454	-0.374713589	0.035058929
-0.687203791	0.831325301	-0.828571429	0	-0.252217997	-0.665427509	-0.331942894	-0.638072505
-0.658767773	0.831325301	-0.828571429	0	-0.226869455	-0.672862454	-0.331942894	-0.638072505
-0.696682464	-0.807228916	0.885714286	0.5	1	0.665427509	-0.139827272	-0.422646576
-0.734597156	-0.807228916	0.885714286	0.5	0.961977186	0.657992565	-0.139827272	-0.422646576
-0.687203791	-0.807228916	0.885714286	0.5	0.913814956	0.650557621	-0.139827272	-0.422646576
-0.687203791	-0.807228916	0.885714286	0.5	0.875792142	0.650557621	-0.158921332	-0.19737431
-0.696682464	-0.807228916	0.885714286	0.5	0.802281369	0.643122677	-0.169907761	0.028494704
-0.687203791	-0.807228916	0.885714286	0.5	0.741444867	0.643122677	-0.244697726	0.039534537
-0.706161137	-0.807228916	0.885714286	0.5	0.703422053	0.643122677	-0.24493273	0.038937789
-0.725118483	-0.807228916	0.885714286	0.5	0.642585551	0.643122677	-0.289700958	-0.048187379
-0.725118483	-0.807228916	0.885714286	0.5	0.604562738	0.635687732	-0.256036661	-0.18812472
-0.744075829	-0.807228916	0.885714286	0.5	0.569074778	0.635687732	-0.256330415	-0.188423094
-0.791469194	-0.807228916	0.885714286	0.5	0.533586819	0.628252788	-0.209270901	-0.316723855
-0.800947867	-0.807228916	0.885714286	0.5	0.505703422	0.635687732	-0.27507197	-0.413396986
-0.829383886	-0.686746988	0.771428571	0.5	0.44486692	0.635687732	-0.316021385	-0.268387289
-0.848341232	-0.686746988	0.771428571	0.5	0.381495564	0.635687732	-0.343223077	-0.116216619
-0.848341232	-0.686746988	0.771428571	0.5	0.310519645	0.620817844	-0.276011985	0.172012532
-0.819905213	-0.686746988	0.771428571	0.5	0.275031686	0.620817844	-0.247694025	0.035058929
-0.763033175	-0.686746988	0.771428571	0.5	0.229404309	0.605947955	-0.173726573	0.021035357
-0.706161137	-0.686746988	0.771428571	0.5	0.219264892	0.598513011	-0.101345397	-0.295837685
-0.668246445	-0.686746988	0.771428571	0.5	0.15842839	0.598513011	-0.163797662	-0.20513203
-0.620853081	-0.686746988	0.771428571	0.5	0.133079848	0.598513011	-0.277715763	-0.414888856
-0.545023697	-0.686746988	0.771428571	0.5	0.097591888	0.591078067	-0.318488925	-0.269580785
-0.601895735	-0.686746988	0.771428571	0.5	0.062103929	0.583643123	-0.278303272	-0.41518723
-0.582938389	-0.686746988	0.771428571	0.5	0.02661597	0.576208178	-0.213030962	-0.320602715
-0.592417062	-0.686746988	0.771428571	0.5	-0.034220532	0.576208178	-0.260619235	-0.192301954
-0.601895735	-0.686746988	0.771428571	0.5	-0.067173638	0.568773234	-0.26091299	-0.192600328
-0.6492891	-0.686746988	0.771428571	0.5	-0.102661597	0.56133829	-0.261206745	-0.192898702
-0.668246445	-0.686746988	0.771428571	0.5	-0.168567807	0.539033457	-0.214558487	-0.095927197
-0.658767773	-0.686746988	0.771428571	0.5	-0.196451204	0.546468401	-0.261911756	-0.19349545
-0.677725118	-0.686746988	0.771428571	0.5	-0.25982256	0.524163569	-0.252100347	0.030284947
-0.677725118	-0.686746988	0.771428571	0.5	-0.292775665	0.50929368	-0.262910522	-0.194092198
-0.620853081	-0.56626506	0.6	0.5	-0.381495564	0.486988848	-0.246401504	0.25376697
-0.611374408	-0.56626506	0.6	0.5	-0.411913815	0.449814126	-0.216791023	0.127256452
-0.611374408	-0.56626506	0.6	0.5	-0.465145754	0.427509294	-0.24740027	0.252573475
-0.573459716	-0.56626506	0.6	0.5	-0.515842839	0.382899628	-0.217966042	0.125466209
-0.55450237	-0.56626506	0.6	0.5	-0.558935361	0.330855019	-0.248810293	0.251379979
-0.706161137	-0.56626506	0.6	0.5	-0.543726236	0.286245353	-0.151753716	0.129046696
-0.725118483	-0.204819277	0.314285714	0.5	-0.54626109	0.234200743	-0.108983021	0.040131284
-0.791469194	-0.204819277	0.314285714	0.5	-0.541191381	0.182156134	-0.05910346	-0.028494704
-0.838862559	-0.204819277	0.314285714	0.5	-0.531051965	0.130111524	-0.110099289	0.038937789
-0.838862559	0.156626506	0.028571429	0.5	-0.455006337	0.078066914	-0.032665531	0.261226317
-0.829383886	0.156626506	0.028571429	0.5	-0.452471483	0.048327138	-0.045120733	0.114426376
-0.772511848	0.156626506	0.028571429	0.5	-0.432192649	0.033457249	-0.004465073	-0.073250783
-0.734597156	0.277108434	-0.142857143	0.5	-0.389100127	0.018587361	-0.034193056	-0.370132776
-0.734597156	0.277108434	-0.142857143	0.5	-0.381495564	-0.011152416	-0.03448681	-0.37043115
-0.725118483	0.277108434	-0.142857143	0.5	-0.381495564	-0.011152416	-0.062334763	-0.515440847
-0.734597156	0.277108434	-0.142857143	0.5	-0.371356147	-0.033457249	-0.224252394	-0.551245711
-0.753554502	0.277108434	-0.142857143	0.5	-0.371356147	-0.033457249	-0.224428647	-0.775622855
-0.800947867	0.277108434	-0.142857143	0.5	-0.346007605	-0.040892193	-0.113683097	-0.654483067
-0.819905213	0.277108434	-0.142857143	0.5	-0.368821293	-0.07063197	-0.330004113	-0.636282262
-0.876777251	0.277108434	-0.142857143	0.5	-0.353612167	-0.092936803	-0.290170965	-0.418767716
-0.933649289	0.277108434	-0.142857143	0.5	-0.328263625	-0.100371747	-0.290405969	-0.418767716
-0.924170616	0.397590361	-0.257142857	0.5	-0.310519645	-0.12267658	-0.158333823	-0.438460391
-0.886255924	0.397590361	-0.257142857	0.5	-0.297845374	-0.152416357	-0.226132425	-0.328062062
-0.857819905	0.397590361	-0.257142857	0.5	-0.300380228	-0.17472119	-0.331296634	-0.272862897
-0.848341232	0.518072289	-0.428571429	0.5	-0.280101394	-0.189591078	-0.331649139	-0.273161271
-0.81042654	0.518072289	-0.428571429	0.5	-0.257287706	-0.219330855	-0.332177898	-0.273161271
-0.829383886	0.518072289	-0.428571429	0.5	-0.229404309	-0.219330855	-0.227483697	-0.328957183
-0.819905213	0.638554217	-0.542857143	0	-0.204055767	-0.234200743	-0.227894953	-0.328957183
-0.857819905	0.638554217	-0.542857143	0	-0.178707224	-0.249070632	-0.160977616	-0.440549008
-0.90521327	0.638554217	-0.542857143	0	-0.153358682	-0.249070632	-0.16121262	-0.440549008
-0.933649289	0.759036145	-0.714285714	0	-0.128010139	-0.249070632	-0.066858586	-0.519319708
-0.962085308	0.759036145	-0.714285714	0	-0.102661597	-0.249070632	0.051113331	-0.54885872
-0.971563981	0.759036145	-0.714285714	0	-0.0747782	-0.26394052	-0.067504847	-0.519618081
-0.924170616	0.879518072	-0.828571429	-0.5	-0.046894804	-0.271375465	-0.162563892	-0.440847382
-0.895734597	0.879518072	-0.828571429	-0.5	-0.021546261	-0.271375465	-0.335702955	-0.636580636
-0.876777251	0.879518072	-0.828571429	-0.5	-0.019011407	-0.278810409	-0.335702955	-0.636580636
-0.71563981	0.156626506	0.028571429	0	0.591888466	0.695167286	-0.125139534	-0.075041026
-0.725118483	0.156626506	0.028571429	0	0.503168568	0.680297398	-0.125139534	-0.075041026
-0.734597156	0.156626506	0.028571429	0	0.452471483	0.672862454	-0.125139534	-0.075041026
-0.763033175	0.156626506	0.028571429	0	0.366286439	0.657992565	-0.131778391	0.496941668
-0.763033175	0.156626506	0.028571429	0	0.328263625	0.657992565	-0.142412314	0.145158884
-0.744075829	0.156626506	0.028571429	0	0.318124208	0.650557621	-0.126373304	-0.07683127
-0.753554502	0.156626506	0.028571429	0	0.269961977	0.635687732	-0.10028788	-0.295539311
-0.772511848	0.156626506	0.028571429	0	0.25982256	0.628252788	-0.023500382	-0.356705953
-0.781990521	0.156626506	0.028571429	0	0.221799747	0.628252788	-0.100816638	-0.295837685
-0.763033175	0.156626506	0.028571429	0	0.186311787	0.620817844	-0.144292345	-0.428912427
-0.753554502	0.156626506	0.028571429	0	0.17617237	0.6133829	-0.144527349	-0.428912427
-0.753554502	0.156626506	0.028571429	0	0.115335868	0.6133829	-0.211973445	-0.320005967
-0.744075829	0.156626506	0.028571429	0	0.069708492	0.598513011	-0.164267669	-0.206325526
-0.706161137	0.156626506	0.028571429	0	0.036755387	0.591078067	-0.212678456	-0.09383858
-0.687203791	0.156626506	0.028571429	0	0.001267427	0.583643123	-0.16491393	-0.206922274
-0.668246445	0.156626506	0.028571429	0	-0.041825095	0.56133829	-0.165442688	-0.207220647
-0.639810427	0.156626506	0.028571429	0	-0.102661597	0.56133829	-0.213912226	-0.095330449
-0.611374408	0.156626506	0.028571429	0	-0.135614702	0.553903346	-0.214205981	-0.095628823
-0.630331754	0.156626506	0.028571429	0	-0.173637516	0.531598513	-0.214734739	-0.095927197
-0.6492891	0.156626506	0.028571429	0	-0.204055767	0.516728625	-0.167028964	-0.209309265
-0.611374408	0.156626506	0.028571429	0	-0.209125475	0.501858736	-0.104929205	-0.30091004
-0.592417062	0.156626506	0.028571429	0	-0.267427123	0.494423792	-0.215909759	-0.322691332
-0.639810427	0.156626506	0.028571429	0	-0.325728771	0.464684015	-0.216379766	-0.097419066
-0.668246445	0.156626506	0.028571429	0	-0.353612167	0.434944238	-0.216791023	0.1278532
-0.687203791	0.156626506	0.028571429	0	-0.404309252	0.397769517	-0.186710534	0.236461286
-0.668246445	0.156626506	0.028571429	0	-0.416983523	0.338289963	-0.126960813	0.259436073
-0.71563981	0.156626506	0.028571429	0	-0.409378961	0.323420074	-0.107866753	0.043711771
-0.725118483	0.156626506	0.028571429	0	-0.409378961	0.26394052	-0.042653193	0.120393853
-0.725118483	0.156626506	0.028571429	0	-0.396704689	0.211895911	-0.043416956	0.119498732
-0.763033175	0.156626506	0.028571429	0	-0.338403042	0.130111524	-0.039833147	0.75205132
-0.772511848	0.277108434	-0.142857143	0	-0.323193916	0.100371747	-0.049527055	0.604953006
-0.791469194	0.277108434	-0.142857143	0	-0.302915082	0.085501859	-0.033311791	0.264806803
-0.838862559	0.277108434	-0.142857143	0	-0.323193916	0.07063197	-0.155513777	-0.435775026
-0.867298578	0.34939759	-0.257142857	0	-0.318124208	0.048327138	-0.223253628	-0.550350589
-0.848341232	0.34939759	-0.257142857	0	-0.318124208	0.048327138	-0.328711592	-0.635983888
-0.867298578	0.34939759	-0.257142857	0	-0.292775665	0.018587361	-0.156453792	-0.4360734
-0.838862559	0.34939759	-0.257142857	0	-0.262357414	-0.011152416	-0.113448094	-0.307474265
-0.819905213	0.34939759	-0.257142857	0	-0.252217997	-0.026022305	-0.140591035	-0.092048337
-0.763033175	0.34939759	-0.257142857	0	-0.216730038	-0.055762082	-0.141237295	-0.09234671
-0.734597156	0.518072289	-0.428571429	0	-0.178707224	-0.078066914	-0.141824805	-0.092943458
-0.734597156	0.518072289	-0.428571429	0	-0.140684411	-0.100371747	-0.115328124	0.037147546
-0.734597156	0.518072289	-0.428571429	0	-0.097591888	-0.115241636	-0.115974385	0.036550798
-0.763033175	0.518072289	-0.428571429	0	-0.072243346	-0.12267658	-0.086833911	-0.172609279
-0.772511848	0.518072289	-0.428571429	0	-0.054499366	-0.137546468	-0.1169144	-0.309264508
-0.772511848	0.518072289	-0.428571429	0	-0.00887199	-0.152416357	-0.117501909	-0.309861256
-0.772511848	0.638554217	-0.542857143	0	0.036755387	-0.167286245	-0.144938605	-0.094733701
-0.800947867	0.638554217	-0.542857143	0	0.084917617	-0.182156134	-0.118441925	0.034760555
-0.800947867	0.638554217	-0.542857143	0	0.107731305	-0.189591078	-0.145996122	-0.095628823
-0.819905213	0.759036145	-0.714285714	-0.5	0.155893536	-0.204460967	-0.146642383	-0.095927197
-0.857819905	0.759036145	-0.714285714	-0.5	0.206590621	-0.204460967	-0.121614476	-0.311353125
-0.838862559	0.759036145	-0.714285714	-0.5	0.257287706	-0.211895911	-0.121614476	-0.311353125
-0.772511848	0.759036145	-0.714285714	1	0.589353612	0.814126394	-0.018917807	-0.356705953
-0.763033175	0.759036145	-0.714285714	1	0.551330798	0.799256506	-0.018917807	-0.356705953
-0.734597156	0.759036145	-0.714285714	1	0.495564005	0.799256506	-0.018917807	-0.356705953
-0.706161137	0.759036145	-0.714285714	1	0.439797212	0.776951673	0.017625286	0.100104431
-0.658767773	0.759036145	-0.714285714	1	0.401774398	0.776951673	-0.046824511	-0.010890646
-0.668246445	0.759036145	-0.714285714	1	0.366286439	0.769516729	0.008518888	-0.054154856
-0.620853081	0.759036145	-0.714285714	1	0.310519645	0.762081784	-0.068621115	-0.156795465
-0.592417062	0.759036145	-0.714285714	1	0.272496831	0.762081784	-0.068856119	-0.157392212
-0.55450237	0.759036145	-0.714285714	1	0.254752852	0.75464684	-0.098407849	-0.297329554
-0.507109005	0.759036145	-0.714285714	1	0.239543726	0.747211896	-0.048704541	-0.506788005
-0.497630332	0.759036145	-0.714285714	1	0.221799747	0.739776952	0.066271077	-0.53573027
-0.516587678	0.759036145	-0.714285714	1	0.221799747	0.739776952	0.066153575	-0.690287931
-0.573459716	0.759036145	-0.714285714	1	0.168567807	0.732342007	-0.049409553	-0.507086379
-0.611374408	0.759036145	-0.714285714	1	0.153358682	0.724907063	-0.049644557	-0.507384753
-0.620853081	0.759036145	-0.714285714	1	0.153358682	0.724907063	-0.049644557	-0.507384753
-0.620853081	0.759036145	-0.714285714	1	0.115335868	0.724907063	-0.100052876	-0.649410712
-0.630331754	0.759036145	-0.714285714	1	0.09252218	0.732342007	-0.316432642	-0.634790392
-0.630331754	0.759036145	-0.714285714	1	0.054499366	0.724907063	-0.276188238	-0.415485603
-0.639810427	0.759036145	-0.714285714	1	0.039290241	0.717472119	-0.211033429	-0.547366851
-0.639810427	0.759036145	-0.714285714	1	0.024081115	0.710037175	-0.050643323	-0.508279875
-0.639810427	0.759036145	-0.714285714	1	-0.013941698	0.710037175	-0.050878327	-0.508578249
-0.639810427	0.759036145	-0.714285714	1	-0.097591888	0.717472119	-0.259032959	-0.192898702
-0.630331754	0.759036145	-0.714285714	1	-0.135614702	0.717472119	-0.292991011	-0.052961361
-0.639810427	0.759036145	-0.714285714	1	-0.196451204	0.724907063	-0.31813642	0.094136954
-0.620853081	0.638554217	-0.714285714	1	-0.280101394	0.739776952	-0.318547676	0.09383858
-0.611374408	0.638554217	-0.714285714	1	-0.302915082	0.747211896	-0.363962164	0.038341041
-0.582938389	0.638554217	-0.714285714	1	-0.356147022	0.732342007	-0.294459785	-0.054154856
-0.55450237	0.638554217	-0.714285714	1	-0.409378961	0.717472119	-0.166088949	-0.212591377
-0.507109005	0.638554217	-0.714285714	1	-0.447401774	0.710037175	-0.130662123	-0.089362972
-0.421800948	0.638554217	-0.714285714	1	-0.485424588	0.710037175	-0.166735209	-0.213486499
-0.412322275	0.590361446	-0.714285714	1	-0.54626109	0.717472119	-0.262499266	-0.195882441
-0.383886256	0.590361446	-0.714285714	1	-0.584283904	0.710037175	-0.262851771	-0.196180815
-0.393364929	0.590361446	-0.714285714	1	-0.622306717	0.710037175	-0.263204277	-0.196479188
-0.402843602	0.590361446	-0.714285714	1	-0.660329531	0.70260223	-0.216556019	-0.326271819
-0.345971564	0.590361446	-0.714285714	1	-0.698352345	0.695167286	-0.216908525	-0.326570192
-0.412322275	0.590361446	-0.714285714	1	-0.759188847	0.70260223	-0.264320545	-0.19737431
-0.412322275	0.590361446	-0.714285714	1	-0.83269962	0.680297398	-0.254567887	0.024914218
-0.431279621	0.590361446	-0.714285714	1	-0.906210393	0.620817844	-0.248516538	0.247501119
-0.497630332	0.590361446	-0.714285714	1	-0.972116603	0.420074349	-0.218964808	0.343577503
-0.516587678	0.590361446	-0.714285714	1	-0.964512041	0.241635688	-0.182010458	0.003431299
-0.55450237	0.590361446	-0.714285714	1	-0.941698352	-0.078066914	-0.136184713	-0.09771744
-0.582938389	0.590361446	-0.714285714	1	-0.896070976	-0.219330855	-0.080077551	-0.177681635
-0.582938389	0.590361446	-0.714285714	1	-0.817490494	-0.219330855	-0.043651959	0.104878413
-0.601895735	0.590361446	-0.714285714	1	-0.766793409	-0.219330855	0.005757594	0.066686558
-0.630331754	0.590361446	-0.714285714	1	-0.716096324	-0.182156134	0.109981787	0.066686558
-0.639810427	0.590361446	-0.714285714	1	-0.716096324	-0.219330855	0.057282181	-0.398179919
-0.639810427	0.590361446	-0.714285714	1	-0.716096324	-0.256505576	-0.112096822	-0.656870058
-0.6492891	0.590361446	-0.714285714	1	-0.655259823	-0.31598513	-0.328535339	-0.273758019
-0.668246445	0.590361446	-0.714285714	1	-0.624841572	-0.338289963	-0.270959403	-0.200059675
-0.687203791	0.590361446	-0.714285714	1	-0.591888466	-0.360594796	-0.224311145	-0.10696703
-0.706161137	0.590361446	-0.714285714	1	-0.54626109	-0.397769517	-0.271840667	-0.200656422
-0.71563981	0.590361446	-0.714285714	1	-0.490494297	-0.405204461	-0.225486164	-0.107862151
-0.706161137	0.590361446	-0.714285714	1	-0.455006337	-0.412639405	-0.225897421	-0.108160525
-0.668246445	0.590361446	-0.714285714	1	-0.384030418	-0.434944238	-0.189119323	-0.002536178
-0.658767773	0.638554217	-0.714285714	1	-0.325728771	-0.434944238	-0.189765584	-0.002834552
-0.6492891	0.638554217	-0.714285714	1	-0.244613435	-0.427509294	-0.136302215	0.235864538
-0.658767773	0.638554217	-0.714285714	1	-0.21166033	-0.434944238	-0.117208155	0.022228853
-0.658767773	0.686746988	-0.828571429	1	-0.173637516	-0.442379182	-0.144997356	-0.105773534
-0.696682464	0.686746988	-0.828571429	1	-0.117870722	-0.442379182	-0.181716703	-0.225421453
-0.725118483	0.686746988	-0.828571429	1	-0.059569075	-0.442379182	-0.146348628	-0.106668656
-0.791469194	0.759036145	-1	1	-0.001267427	-0.442379182	-0.119616944	0.019841862
-0.772511848	0.759036145	-1	1	0.057034221	-0.442379182	-0.120321955	0.019245114
-0.753554502	0.759036145	-1	1	0.128010139	-0.449814126	-0.165031432	0.108458899
-0.838862559	0.759036145	-1	1	0.186311787	-0.449814126	-0.165736443	0.107862151
-0.857819905	0.759036145	-1	1	0.229404309	-0.442379182	-0.044121967	-0.385946591
-0.867298578	0.759036145	-1	1	0.287705957	-0.442379182	-0.044121967	-0.385946591
-0.639810427	-0.686746988	0.771428571	0	0.673003802	0.933085502	0.072146172	-0.073250783
-0.668246445	-0.686746988	0.771428571	0	0.604562738	0.925650558	0.072146172	-0.073250783
-0.696682464	-0.686746988	0.771428571	0	0.536121673	0.910780669	0.072146172	-0.073250783
-0.696682464	-0.686746988	0.771428571	0	0.475285171	0.910780669	0.026907937	0.24600925
-0.696682464	-0.686746988	0.771428571	0	0.432192649	0.903345725	0.020034076	0.092943458
-0.658767773	-0.686746988	0.771428571	0	0.363751584	0.895910781	0.019329064	0.09234671
-0.630331754	-0.686746988	0.771428571	0	0.282636248	0.888475836	0.025145409	0.243622259
-0.630331754	-0.686746988	0.771428571	0	0.181242079	0.873605948	-0.001880031	0.574817246
-0.592417062	-0.686746988	0.771428571	0	0.138149556	0.866171004	-0.010105164	0.424138445
-0.601895735	-0.686746988	0.771428571	0	0.079847909	0.858736059	-0.020151577	0.273758019
-0.592417062	-0.686746988	0.771428571	0	0.021546261	0.858736059	-0.048410787	-0.020736983
-0.563981043	-0.686746988	0.771428571	0	-0.059569075	0.851301115	-0.078550026	0.183649112
-0.535545024	-0.686746988	0.771428571	0	-0.117870722	0.821561338	-0.022031608	0.27077428
-0.535545024	-0.686746988	0.771428571	0	-0.17617237	0.799256506	0.025909171	0.389228704
-0.55450237	-0.686746988	0.771428571	0	-0.234474018	0.791821561	0.020386581	0.236162912
-0.535545024	-0.686746988	0.771428571	0	-0.269961977	0.769516729	0.013453969	0.084290616
-0.516587678	-0.686746988	0.771428571	0	-0.323193916	0.75464684	-0.051994595	-0.02431747
-0.45971564	-0.686746988	0.771428571	0	-0.356147022	0.732342007	0.003936314	-0.06758168
-0.440758294	-0.686746988	0.771428571	0	-0.424588086	0.70260223	-0.037483109	0.119797106
-0.431279621	-0.686746988	0.771428571	0	-0.452471483	0.665427509	0.011338934	0.081903625
-0.36492891	-0.686746988	0.771428571	0	-0.510773131	0.620817844	-0.026555432	0.265403551
-0.317535545	-0.686746988	0.771428571	0	-0.553865653	0.591078067	-0.039245638	0.117708489
-0.355450237	-0.686746988	0.771428571	0	-0.569074778	0.546468401	-0.039715645	0.117708489
-0.36492891	-0.686746988	0.771428571	0	-0.607097592	0.472118959	-0.040420657	0.116813367
-0.36492891	-0.686746988	0.771428571	0	-0.627376426	0.36802974	-0.01968157	0.4098165
-0.36492891	-0.686746988	0.771428571	0	-0.614702155	0.31598513	-0.020151577	0.4098165
-0.563981043	-0.686746988	0.771428571	0	-0.56400507	0.167286245	-0.00182128	0.855288677
-0.6492891	-0.204819277	0.314285714	0	-0.548795944	0.144981413	0.017449034	0.378785618
-0.639810427	-0.204819277	0.314285714	0	-0.493029151	0.100371747	0.020856589	0.529762793
-0.687203791	-0.204819277	0.314285714	0	-0.455006337	0.078066914	0.056342166	-0.087871102
-0.71563981	0.156626506	0.028571429	0	-0.432192649	0.033457249	0.004112567	0.076532896
-0.71563981	0.156626506	0.028571429	0	-0.409378961	0.026022305	-0.016567769	-0.222437714
-0.677725118	0.156626506	0.028571429	0	-0.389100127	0.018587361	-0.034193056	-0.370132776
-0.696682464	0.156626506	0.028571429	0	-0.358681876	-0.018587361	-0.034721814	-0.37043115
-0.753554502	0.156626506	0.028571429	0	-0.310519645	-0.033457249	-0.01786029	-0.222736088
-0.753554502	0.156626506	0.028571429	0	-0.287705957	-0.040892193	-0.018095294	-0.222736088
-0.781990521	0.397590361	-0.257142857	0	-0.252217997	-0.063197026	-0.018624053	-0.223332836
-0.829383886	0.397590361	-0.257142857	0	-0.226869455	-0.07063197	-0.036249339	-0.370729524
-0.857819905	0.397590361	-0.257142857	0	-0.221799747	-0.100371747	-0.177721638	-0.216470237
-0.838862559	0.638554217	-0.542857143	-0.2	-0.178707224	-0.12267658	-0.178367898	-0.216768611
-0.800947867	0.638554217	-0.542857143	-0.2	-0.155893536	-0.12267658	-0.178602902	-0.216768611
-0.772511848	0.638554217	-0.542857143	-0.2	-0.105196451	-0.130111524	-0.020504083	-0.224824705
-0.71563981	0.759036145	-0.714285714	-0.5	-0.054499366	-0.137546468	0.051348334	-0.242727137
-0.677725118	0.759036145	-0.714285714	-0.5	-0.034220532	-0.152416357	-0.021326597	-0.225123079
-0.658767773	0.759036145	-0.714285714	-0.5	0.016476553	-0.152416357	-0.021796604	-0.225123079
-0.677725118	0.879518072	-0.828571429	-0.5	0.041825095	-0.152416357	-0.039539393	-0.372221393
-0.687203791	0.879518072	-0.828571429	-0.5	0.062103929	-0.167286245	-0.039891898	-0.372519767
-0.71563981	0.879518072	-0.828571429	-0.5	0.084917617	-0.182156134	-0.162505141	-0.438460391
-0.744075829	1	-1	-0.5	0.15842839	-0.197026022	-0.146524881	-0.095330449
-0.763033175	1	-1	-0.5	0.181242079	-0.204460967	-0.04247694	-0.374011637
-0.753554502	1	-1	-0.5	0.231939163	-0.211895911	-0.04247694	-0.374011637
-0.71563981	-1	1	0.8	0.743979721	0.80669145	0.06956113	-0.532149784
-0.725118483	-1	1	0.8	0.705956907	0.799256506	0.06956113	-0.532149784
-0.744075829	-1	1	0.8	0.688212928	0.791821561	0.06956113	-0.532149784
-0.772511848	-1	1	0.8	0.62991128	0.791821561	-0.001175019	-0.203043413
-0.744075829	-1	1	0.8	0.6121673	0.784386617	-0.0184478	-0.354915709
-0.744075829	-1	1	0.8	0.574144487	0.784386617	-0.095764056	-0.294047441
-0.725118483	-1	1	0.8	0.515842839	0.791821561	-0.206392104	-0.31791735
-0.725118483	-1	1	0.8	0.477820025	0.791821561	-0.253862875	-0.189318216
-0.706161137	-1	1	0.8	0.437262357	0.791821561	-0.25415663	-0.18961659
-0.687203791	-1	1	0.8	0.399239544	0.791821561	-0.207214617	-0.318812472
-0.696682464	-1	1	0.8	0.34347275	0.784386617	-0.159508842	-0.20513203
-0.6492891	-1	1	0.8	0.302915082	0.784386617	-0.159802597	-0.205430404
-0.639810427	-1	1	0.8	0.264892269	0.784386617	-0.160096352	-0.206027152
-0.620853081	-1	1	0.8	0.188846641	0.784386617	-0.208742142	-0.093540206
-0.592417062	-1	1	0.8	0.150823828	0.784386617	-0.209035897	-0.094136954
-0.563981043	-0.807228916	0.885714286	0.8	0.054499366	0.791821561	-0.239762646	0.25764583
-0.526066351	-0.807228916	0.885714286	0.8	0.013941698	0.799256506	-0.246871512	0.03207519
-0.488151659	-0.807228916	0.885714286	0.8	-0.041825095	0.791821561	-0.21044592	0.130240191
-0.478672986	-0.807228916	0.885714286	0.8	-0.097591888	0.776951673	-0.127313319	-0.085185738
-0.469194313	-0.807228916	0.885714286	0.8	-0.135614702	0.776951673	-0.127607074	-0.085484112
-0.450236967	-0.807228916	0.885714286	0.8	-0.191381496	0.769516729	-0.128135832	-0.086379233
-0.402843602	-0.807228916	0.885714286	0.8	-0.247148289	0.762081784	-0.128664591	-0.086975981
-0.402843602	-0.807228916	0.885714286	0.8	-0.285171103	0.762081784	-0.129017097	-0.087572729
-0.450236967	-0.807228916	0.885714286	0.8	-0.340937896	0.747211896	-0.129545855	-0.088169476
-0.355450237	-0.686746988	0.771428571	0.8	-0.37896071	0.747211896	-0.165618941	-0.212591377
-0.374407583	-0.686746988	0.771428571	0.8	-0.455006337	0.739776952	-0.176840374	0.010293898
-0.345971564	-0.686746988	0.771428571	0.8	-0.508238276	0.717472119	-0.177369132	0.009697151
-0.213270142	-0.686746988	0.771428571	0.8	-0.561470215	0.695167286	-0.147993655	0.128748322
-0.099526066	-0.686746988	0.771428571	0.8	-0.6121673	0.665427509	-0.105164209	0.039534537
0.090047393	-0.686746988	0.771428571	0.8	-0.64765526	0.657992565	-0.132542154	-0.092048337
0.071090047	-0.686746988	0.771428571	0.8	-0.711026616	0.553903346	-0.085600141	0.173802775
0.241706161	-0.686746988	0.771428571	0.8	-0.718631179	0.479553903	-0.040714412	0.113829629
-0.127962085	-0.686746988	0.771428571	0.8	-0.718631179	0.449814126	0.008577639	0.075936148
-0.156398104	-0.686746988	0.771428571	0.8	-0.599493029	0.36802974	0.270724399	0.126361331
-0.042654028	-0.686746988	0.771428571	0.8	-0.571609632	0.375464684	0.374537336	0.026107713
-0.17535545	-0.686746988	0.771428571	0.8	-0.548795944	0.405204461	0.487926679	0.037147546
-0.279620853	-0.686746988	0.771428571	0.8	-0.579214195	0.449814126	1	-0.513948978
-0.137440758	-0.686746988	0.771428571	0.8	-0.634980989	0.472118959	-0.83079725	-0.307175891
-0.241706161	-0.686746988	0.771428571	0.8	-0.690747782	0.479553903	-0.639210387	-0.055945099
-0.08056872	-0.686746988	0.771428571	0.8	-0.776932826	0.442379182	-0.469126373	0.156497091
-0.327014218	-0.686746988	0.771428571	0.8	-0.885931559	0.360594796	-0.401386523	0.517827838
-0.393364929	-0.686746988	0.771428571	0.8	-0.865652725	0.226765799	-0.306856236	0.305684022
-0.526066351	-0.325301205	0.428571429	0.8	-0.852978454	0.17472119	-0.219963574	-0.103684917
-0.545023697	-0.325301205	0.428571429	0.8	-0.835234474	0.130111524	0.058985959	-0.395792929
-0.573459716	-0.325301205	0.428571429	0.8	-0.79721166	0.055762082	0.058515951	-0.395792929
-0.55450237	0.036144578	0.142857143	0.8	-0.718631179	0.026022305	0.118676929	-0.078323139
-0.601895735	0.036144578	0.142857143	0.8	-0.69581749	0.003717472	0.118441925	-0.078323139
-0.620853081	0.036144578	0.142857143	0.8	-0.685678074	-0.040892193	0.057399683	-0.24451738
-0.658767773	0.036144578	0.142857143	0.8	-0.637515843	-0.063197026	-0.033018037	-0.373414889
-0.706161137	0.036144578	0.142857143	0.8	-0.614702155	-0.07063197	-0.03325304	-0.373414889
-0.687203791	0.036144578	0.142857143	0.8	-0.614702155	-0.07063197	0.056400917	-0.546770103
-0.734597156	0.036144578	0.142857143	0.8	-0.589353612	-0.078066914	0.056048411	-0.697747277
-0.829383886	0.036144578	0.142857143	0.8	-0.566539924	-0.085501859	0.055813407	-0.697747277
-0.876777251	0.036144578	0.142857143	0.8	-0.566539924	-0.085501859	0.055813407	-0.697747277
-0.895734597	0.036144578	0.142857143	0.8	-0.574144487	-0.115241636	-0.223841137	-0.776219603
-0.962085308	0.036144578	0.142857143	0.8	-0.579214195	-0.137546468	-0.473180189	-0.66940176
-0.952606635	0.036144578	0.142857143	0.8	-0.584283904	-0.167286245	-0.473180189	-0.504102641
-0.886255924	0.277108434	-0.142857143	0.8	-0.586818758	-0.189591078	-0.47323894	-0.504102641
-0.857819905	0.277108434	-0.142857143	0.8	-0.561470215	-0.249070632	-0.397920216	-0.322094585
-0.829383886	0.277108434	-0.142857143	0.8	-0.558935361	-0.271375465	-0.398037718	-0.322094585
-0.848341232	0.397590361	-0.257142857	0.8	-0.531051965	-0.293680297	-0.329769109	-0.273758019
-0.838862559	0.397590361	-0.257142857	0.8	-0.525982256	-0.31598513	-0.374654838	-0.482022975
-0.791469194	0.397590361	-0.257142857	0.8	-0.493029151	-0.330855019	-0.290523471	-0.420557959
-0.763033175	0.518072289	-0.428571429	0.5	-0.4626109	-0.345724907	-0.290934728	-0.420557959
-0.71563981	0.518072289	-0.428571429	0.5	-0.452471483	-0.36802974	-0.29105223	-0.420557959
-0.744075829	0.518072289	-0.428571429	0.5	-0.442332066	-0.390334572	-0.375477352	-0.482022975
-0.763033175	0.518072289	-0.428571429	0.5	-0.419518378	-0.427509294	-0.474296457	-0.338803521
-0.753554502	0.518072289	-0.428571429	0.5	-0.371356147	-0.449814126	-0.414311733	-0.160077577
-0.781990521	0.518072289	-0.428571429	0.5	-0.333333333	-0.457249071	-0.357969567	-0.121288975
-0.791469194	0.518072289	-0.428571429	0	-0.282636248	-0.479553903	-0.307972505	-0.060420707
-0.819905213	0.518072289	-0.428571429	0	-0.247148289	-0.479553903	-0.275189472	-0.202148292
-0.857819905	0.518072289	-0.428571429	0	-0.224334601	-0.472118959	-0.228776218	-0.332836044
-0.857819905	0.759036145	-0.714285714	-0.5	-0.209125475	-0.486988848	-0.229128723	-0.555422945
-0.886255924	0.759036145	-0.714285714	-0.5	-0.171102662	-0.486988848	-0.163033899	-0.445919737
-0.895734597	0.759036145	-0.714285714	-0.5	-0.115335868	-0.486988848	-0.163033899	-0.445919737
